0 0.3528125 0.9296875 0.031875 0.109375
0 0.0434375 0.935546875 0.021875 0.12890625
0 0.10625 0.818359375 0.055 0.35546875
0 0.8771875 0.73046875 0.030625 0.4375
0 0.1584375 0.44140625 0.081875 0.375
0 0.8890625 0.314453125 0.023125 0.21484375
0 0.9165625 0.267578125 0.023125 0.14453125
0 0.711875 0.212890625 0.055 0.20703125
0 0.9646875 0.525390625 0.029375 0.87109375
0 0.3621875 0.119140625 0.019375 0.15234375
0 0.35125 0.462890625 0.0575 0.84765625
0 0.4828125 0.125 0.206875 0.21875
0 0.9115625 0.09375 0.075625 0.171875
0 0.2640625 0.501953125 0.148125 0.98828125
