4 0.924375 0.943359375 0.0375 0.11328125
4 0.0853125 0.939453125 0.016875 0.12109375
4 0.4740625 0.93359375 0.019375 0.1328125
4 0.3090625 0.921875 0.031875 0.15625
4 0.5509375 0.919921875 0.020625 0.16015625
4 0.3971875 0.919921875 0.060625 0.16015625
4 0.85125 0.900390625 0.01875 0.19921875
4 0.8246875 0.900390625 0.020625 0.19921875
4 0.961875 0.892578125 0.03125 0.21484375
4 0.1015625 0.83984375 0.019375 0.3203125
4 0.9515625 0.001953125 0.009375 0.00390625
4 0.914375 0.001953125 0.01375 0.00390625
4 0.849375 0.001953125 0.01375 0.00390625
4 0.8196875 0.001953125 0.005625 0.00390625
4 0.5521875 0.001953125 0.019375 0.00390625
4 0.4721875 0.001953125 0.005625 0.00390625
4 0.3978125 0.001953125 0.060625 0.00390625
4 0.315 0.001953125 0.02125 0.00390625
4 0.1040625 0.001953125 0.015625 0.00390625
4 0.088125 0.001953125 0.0125 0.00390625
