0 0.46701846965699206 0.5739856801909308 0.052770448548812667 0.1026252983293556
0 0.41644678979771327 0.5763723150357996 0.051890941072999124 0.10739856801909307
0 0.5299032541776605 0.5668257756563246 0.044854881266490766 0.11217183770883055
0 0.5681618293755497 0.47255369928400953 0.047493403693931395 0.10501193317422435
0 0.37115215479331576 0.4021479713603819 0.03518029903254178 0.09307875894988067
0 0.4410729991204925 0.38663484486873506 0.04309586631486367 0.0954653937947494
0 0.503957783641161 0.36873508353221957 0.04221635883905013 0.10739856801909307
0 0.5914687774846086 0.3126491646778043 0.03605980650835532 0.0954653937947494
0 0.4129287598944591 0.25059665871121717 0.048372911169744945 0.11455847255369929
0 0.4815303430079156 0.2243436754176611 0.03605980650835532 0.0954653937947494
0 0.5404573438874231 0.15871121718377088 0.044854881266490766 0.09785202863961814
0 0.4736147757255937 0.08233890214797136 0.04309586631486367 0.09307875894988067
