1 0.188125 0.9609375 0.01125 0.078125
1 0.0071875 0.87109375 0.013125 0.1328125
1 0.193125 0.779296875 0.01125 0.15234375
1 0.036875 0.787109375 0.01625 0.19140625
1 0.065 0.828125 0.03 0.34375
1 0.2625 0.763671875 0.015 0.23828125
1 0.6953125 0.626953125 0.020625 0.20703125
1 0.2321875 0.55859375 0.036875 0.1953125
1 0.06875 0.474609375 0.015 0.15234375
1 0.1515625 0.400390625 0.014375 0.16015625
1 0.228125 0.26953125 0.03125 0.1640625
1 0.0315625 0.10546875 0.014375 0.15625
1 0.2978125 0.083984375 0.015625 0.16015625
1 0.1228125 0.353515625 0.016875 0.69921875
