4 0.0490625 0.921875 0.020625 0.15625
4 0.5884375 0.845703125 0.073125 0.09765625
4 0.671875 0.8125 0.06375 0.09375
4 0.829375 0.810546875 0.0825 0.37890625
4 0.4828125 0.79296875 0.119375 0.4140625
4 0.636875 0.630859375 0.14 0.12890625
4 0.2815625 0.72265625 0.271875 0.5546875
4 0.85375 0.001953125 0.025 0.00390625
4 0.534375 0.001953125 0.00625 0.00390625
4 0.3271875 0.001953125 0.035625 0.00390625
4 0.2784375 0.001953125 0.031875 0.00390625
4 0.210625 0.001953125 0.06125 0.00390625
4 0.149375 0.001953125 0.00625 0.00390625
4 0.0484375 0.001953125 0.018125 0.00390625
