1 0.733125 0.947265625 0.01 0.10546875
1 0.7121875 0.87890625 0.011875 0.078125
1 0.2821875 0.76171875 0.013125 0.09375
1 0.105625 0.705078125 0.0175 0.15234375
1 0.260625 0.66796875 0.01 0.109375
1 0.2446875 0.576171875 0.014375 0.10546875
1 0.295 0.486328125 0.01375 0.15234375
1 0.369375 0.455078125 0.015 0.10546875
1 0.3159375 0.45703125 0.015625 0.125
1 0.334375 0.14453125 0.0125 0.078125
1 0.3665625 0.123046875 0.015625 0.11328125
1 0.2096875 0.107421875 0.023125 0.20703125
1 0.175 0.04296875 0.015 0.078125
4 0.6378125 0.294921875 0.023125 0.08984375
4 0.6703125 0.296875 0.016875 0.1484375
4 0.67 0.185546875 0.02125 0.10546875
