4 0.236875 0.716796875 0.0175 0.48828125
4 0.274375 0.556640625 0.01625 0.17578125
4 0.2065625 0.703125 0.013125 0.4765625
4 0.33375 0.568359375 0.06 0.23046875
4 0.1509375 0.57421875 0.014375 0.25
4 0.5153125 0.564453125 0.026875 0.23828125
4 0.4165625 0.51953125 0.013125 0.25
4 0.450625 0.517578125 0.0375 0.25390625
4 0.4165625 0.18359375 0.015625 0.328125
4 0.5121875 0.142578125 0.025625 0.25390625
4 0.291875 0.205078125 0.2025 0.40234375
4 0.1478125 0.154296875 0.016875 0.30078125
4 0.1325 0.091796875 0.0175 0.17578125
