4 0.53 0.701171875 0.00625 0.49609375
4 0.58375 0.3828125 0.005 0.1953125
4 0.600625 0.369140625 0.005 0.29296875
4 0.619375 0.328125 0.01375 0.375
4 0.561875 0.20703125 0.0075 0.3359375
4 0.5134375 0.50390625 0.011875 0.9765625
0 0.7221875 0.916015625 0.015625 0.07421875
0 0.7025 0.8359375 0.00625 0.0234375
0 0.668125 0.81640625 0.01125 0.0546875
0 0.736875 0.751953125 0.03125 0.06640625
0 0.30625 0.734375 0.00875 0.0703125
0 0.328125 0.611328125 0.0275 0.41796875
0 0.3384375 0.369140625 0.023125 0.16015625
0 0.800625 0.306640625 0.0075 0.12109375
0 0.345 0.185546875 0.03375 0.11328125
0 0.84 0.4375 0.13625 0.8515625
0 0.7396875 0.099609375 0.029375 0.18359375
