1 0.7290625 0.958984375 0.010625 0.08203125
1 0.75875 0.9140625 0.0175 0.171875
1 0.198125 0.880859375 0.01375 0.10546875
1 0.8509375 0.84765625 0.013125 0.1875
1 0.76875 0.814453125 0.01125 0.13671875
1 0.151875 0.783203125 0.01375 0.21484375
1 0.26875 0.779296875 0.0225 0.28515625
1 0.174375 0.658203125 0.01125 0.18359375
1 0.1421875 0.59375 0.010625 0.1015625
1 0.2375 0.583984375 0.01375 0.22265625
1 0.21875 0.580078125 0.015 0.22265625
1 0.1103125 0.505859375 0.013125 0.11328125
1 0.795 0.40234375 0.015 0.1015625
1 0.125 0.333984375 0.0125 0.08984375
1 0.0959375 0.384765625 0.014375 0.19140625
1 0.284375 0.310546875 0.00875 0.14453125
1 0.1703125 0.15625 0.013125 0.109375
1 0.8784375 0.150390625 0.014375 0.29296875
1 0.845 0.123046875 0.01375 0.23828125
1 0.6865625 0.046875 0.010625 0.0859375
