1 0.365 0.931640625 0.01375 0.13671875
1 0.4171875 0.927734375 0.010625 0.14453125
1 0.2940625 0.69921875 0.013125 0.109375
1 0.116875 0.6484375 0.02625 0.2578125
1 0.395 0.546875 0.0175 0.1640625
1 0.43125 0.38671875 0.0175 0.1171875
1 0.3725 0.40234375 0.01625 0.234375
1 0.145625 0.171875 0.01 0.125
1 0.3284375 0.224609375 0.026875 0.23828125
1 0.1275 0.099609375 0.01625 0.18359375
1 0.4178125 0.001953125 0.010625 0.00390625
1 0.36375 0.001953125 0.01 0.00390625
4 0.3890625 0.9453125 0.026875 0.109375
4 0.476875 0.943359375 0.03125 0.11328125
4 0.2521875 0.634765625 0.018125 0.17578125
4 0.3096875 0.51171875 0.018125 0.1875
4 0.4778125 0.001953125 0.010625 0.00390625
4 0.394375 0.001953125 0.01625 0.00390625
