4 0.01625 0.8984375 0.00875 0.1953125
4 0.0525 0.896484375 0.01125 0.20703125
4 0.64125 0.833984375 0.01125 0.33203125
4 0.295 0.70703125 0.0125 0.359375
4 0.5075 0.716796875 0.01375 0.56640625
4 0.3140625 0.69921875 0.015625 0.6015625
4 0.0146875 0.478515625 0.015625 0.27734375
4 0.0528125 0.46875 0.011875 0.3046875
4 0.35375 0.5625 0.02875 0.875
4 0.5890625 0.296875 0.016875 0.5625
4 0.073125 0.50390625 0.015 0.9765625
4 0.2246875 0.50390625 0.054375 0.9921875
4 0.563125 0.501953125 0.015 0.99609375
4 0.47375 0.5 0.0225 1.0
4 0.1634375 0.5 0.051875 1.0
