4 0.9925 0.953125 0.015 0.09375
4 0.8425 0.873046875 0.04125 0.25390625
4 0.21125 0.728515625 0.01375 0.20703125
4 0.3553125 0.806640625 0.009375 0.38671875
4 0.63 0.5859375 0.01125 0.4765625
4 0.943125 0.51953125 0.01 0.3515625
4 0.9315625 0.568359375 0.011875 0.45703125
4 0.2165625 0.3125 0.009375 0.2578125
4 0.6465625 0.30859375 0.010625 0.4921875
4 0.525625 0.34765625 0.0125 0.6640625
4 0.89125 0.310546875 0.01625 0.59765625
4 0.599375 0.263671875 0.0125 0.51171875
4 0.2575 0.203125 0.00875 0.390625
4 0.665 0.15234375 0.01 0.296875
4 0.621875 0.119140625 0.015 0.23046875
4 0.55125 0.501953125 0.03875 0.99609375
4 0.3159375 0.33984375 0.011875 0.671875
4 0.1065625 0.1953125 0.013125 0.3828125
4 0.9953125 0.001953125 0.009375 0.00390625
4 0.8553125 0.001953125 0.018125 0.00390625
4 0.546875 0.001953125 0.01375 0.00390625
4 0.3565625 0.001953125 0.008125 0.00390625
0 0.1878125 0.884765625 0.125625 0.23046875
0 0.1896875 0.001953125 0.104375 0.00390625
