1 0.3290625 0.958984375 0.016875 0.08203125
1 0.24 0.73828125 0.025 0.265625
1 0.38125 0.630859375 0.0175 0.09765625
1 0.256875 0.578125 0.01625 0.1015625
1 0.3571875 0.580078125 0.016875 0.16796875
1 0.390625 0.4140625 0.015 0.109375
1 0.300625 0.33984375 0.0125 0.09375
1 0.9725 0.224609375 0.015 0.18359375
1 0.9484375 0.119140625 0.013125 0.22265625
4 0.0209375 0.8984375 0.041875 0.203125
4 0.1028125 0.89453125 0.030625 0.2109375
4 0.0946875 0.001953125 0.000625 0.00390625
4 0.023125 0.001953125 0.02 0.00390625
