0 0.555414551607445 0.920676890534109 0.10067681895093063 0.047593865679534636
0 0.633248730964467 0.8775780010576415 0.07360406091370558 0.0375462718138551
0 0.5452622673434856 0.8527234267583289 0.048223350253807105 0.02168164992067689
0 0.3147208121827411 0.86409307244844 0.09137055837563451 0.04970914859862507
0 0.61082910321489 0.8384452670544685 0.09137055837563451 0.0449497620306716
0 0.3688663282571912 0.8236382866208355 0.03722504230118443 0.022739291380222106
0 0.5397631133671743 0.7871496562665257 0.043993231810490696 0.026969857218402962
0 0.4276649746192893 0.8532522474881016 0.13282571912013535 0.16023268112109995
0 0.3946700507614213 0.7728714965626653 0.08206429780033841 0.03648863035430989
0 0.8024534686971235 0.7736647276573242 0.0532994923857868 0.053939714436805924
0 0.7711505922165821 0.7998413537810682 0.23096446700507614 0.11898466419883659
0 0.48223350253807107 0.7260708619777896 0.06937394247038917 0.035959809624537285
0 0.6747038917089678 0.6753040719196193 0.0532994923857868 0.05711263881544157
0 0.07656514382402707 0.19037546271813854 0.03468697123519458 0.028556319407720784
0 0.2800338409475465 0.12823902696985723 0.050761421319796954 0.025912215758857746
0 0.21954314720812182 0.11343204653622423 0.06006768189509306 0.030142781597038603
0 0.5228426395939086 0.24061343204653624 0.505922165820643 0.4315177154944474
