4 0.7890625 0.78515625 0.039375 0.4296875
4 0.428125 0.728515625 0.05 0.54296875
4 0.375 0.603515625 0.01625 0.29296875
4 0.264375 0.65625 0.01875 0.6796875
4 0.6084375 0.51953125 0.029375 0.9609375
4 0.1421875 0.5078125 0.024375 0.984375
4 0.79125 0.001953125 0.035 0.00390625
4 0.6125 0.001953125 0.01375 0.00390625
4 0.4403125 0.001953125 0.018125 0.00390625
4 0.3078125 0.5 0.024375 1.0
4 0.1434375 0.001953125 0.001875 0.00390625
0 0.936875 0.720703125 0.08 0.55859375
0 0.944375 0.001953125 0.06375 0.00390625
