4 0.608125 0.85546875 0.01 0.2890625
4 0.641875 0.73046875 0.01375 0.5390625
4 0.9228125 0.70703125 0.013125 0.5859375
4 0.8728125 0.685546875 0.024375 0.62890625
4 0.7728125 0.380859375 0.015625 0.74609375
4 0.6625 0.50390625 0.01375 0.9921875
4 0.8121875 0.25390625 0.013125 0.5
4 0.7334375 0.185546875 0.015625 0.36328125
4 0.921875 0.001953125 0.01 0.00390625
4 0.8634375 0.001953125 0.004375 0.00390625
4 0.6625 0.001953125 0.00875 0.00390625
4 0.640625 0.001953125 0.00875 0.00390625
4 0.60875 0.001953125 0.01 0.00390625
