4 0.85875 0.9140625 0.0125 0.171875
4 0.63375 0.677734375 0.0125 0.19140625
4 0.1565625 0.646484375 0.010625 0.26171875
4 0.86625 0.544921875 0.0125 0.38671875
4 0.4434375 0.341796875 0.013125 0.23046875
4 0.1584375 0.265625 0.011875 0.21875
4 0.42625 0.37890625 0.015 0.6171875
4 0.859375 0.001953125 0.0125 0.00390625
4 0.52625 0.5 0.035 1.0
0 0.268125 0.845703125 0.03625 0.30859375
0 0.3090625 0.6171875 0.071875 0.765625
0 0.3378125 0.001953125 0.016875 0.00390625
0 0.2796875 0.001953125 0.013125 0.00390625
