4 0.790625 0.865234375 0.0125 0.24609375
4 0.9625 0.810546875 0.01125 0.23046875
4 0.76375 0.845703125 0.0125 0.30859375
4 0.8709375 0.837890625 0.011875 0.32421875
4 0.891875 0.81640625 0.01 0.3046875
4 0.9359375 0.77734375 0.010625 0.3046875
4 0.949375 0.7890625 0.015 0.421875
4 0.978125 0.775390625 0.01 0.42578125
4 0.901875 0.73828125 0.01125 0.4375
4 0.9509375 0.001953125 0.004375 0.00390625
4 0.87375 0.001953125 0.0075 0.00390625
4 0.765625 0.001953125 0.0075 0.00390625
0 0.169375 0.755859375 0.025 0.16015625
0 0.0471875 0.685546875 0.038125 0.41015625
0 0.3328125 0.357421875 0.018125 0.19921875
0 0.1040625 0.30859375 0.085625 0.28125
0 0.0846875 0.03515625 0.023125 0.0625
