1 0.17375 0.8828125 0.01625 0.0859375
1 0.113125 0.912109375 0.01875 0.17578125
1 0.2328125 0.890625 0.011875 0.15625
1 0.2478125 0.818359375 0.011875 0.12890625
1 0.1609375 0.69140625 0.013125 0.1171875
1 0.193125 0.685546875 0.0125 0.20703125
1 0.1353125 0.6640625 0.021875 0.203125
1 0.21 0.736328125 0.02875 0.37890625
1 0.09625 0.62890625 0.03625 0.203125
1 0.13625 0.4296875 0.01625 0.1484375
1 0.165625 0.328125 0.01625 0.171875
1 0.089375 0.3046875 0.015 0.2109375
1 0.1375 0.0625 0.02 0.1171875
1 0.109375 0.068359375 0.0175 0.12890625
