1 0.166875 0.919921875 0.01375 0.16015625
1 0.24 0.75 0.025 0.171875
1 0.3971875 0.57421875 0.011875 0.1015625
1 0.36125 0.478515625 0.01625 0.15234375
1 0.343125 0.396484375 0.01 0.10546875
1 0.2053125 0.40234375 0.010625 0.125
1 0.2715625 0.5546875 0.043125 0.4609375
1 0.3771875 0.35546875 0.013125 0.1328125
1 0.2353125 0.21875 0.011875 0.140625
1 0.2115625 0.23828125 0.011875 0.1796875
1 0.3221875 0.2265625 0.010625 0.1640625
1 0.2553125 0.166015625 0.015625 0.14453125
1 0.1534375 0.119140625 0.013125 0.12890625
1 0.3865625 0.078125 0.009375 0.1171875
