4 0.1184375 0.83984375 0.004375 0.3046875
4 0.02875 0.365234375 0.0025 0.06640625
4 0.1159375 0.373046875 0.004375 0.24609375
4 0.0225 0.30078125 0.00875 0.2109375
4 0.0796875 0.29296875 0.005625 0.28125
4 0.0675 0.298828125 0.00625 0.30078125
4 0.046875 0.34375 0.0075 0.390625
4 0.1296875 0.294921875 0.004375 0.30078125
4 0.0840625 0.21484375 0.003125 0.140625
4 0.5903125 0.203125 0.003125 0.15625
4 0.109375 0.349609375 0.00875 0.46484375
4 0.096875 0.3046875 0.00875 0.3828125
4 0.5953125 0.162109375 0.004375 0.30078125
4 0.4225 0.083984375 0.00875 0.14453125
4 0.2615625 0.501953125 0.008125 0.99609375
0 0.3725 0.82421875 0.0625 0.3515625
0 0.36375 0.087890625 0.0525 0.16796875
0 0.3571875 0.001953125 0.003125 0.00390625
