1 0.7946875 0.876953125 0.015625 0.19140625
1 0.75625 0.759765625 0.01375 0.10546875
1 0.773125 0.76171875 0.015 0.125
1 0.2528125 0.79296875 0.040625 0.3203125
1 0.0059375 0.72265625 0.009375 0.1796875
1 0.854375 0.703125 0.01375 0.1796875
1 0.2359375 0.6015625 0.016875 0.1953125
1 0.6059375 0.5625 0.014375 0.140625
1 0.0928125 0.552734375 0.010625 0.12890625
1 0.3103125 0.65625 0.023125 0.4140625
1 0.2796875 0.58203125 0.016875 0.2734375
1 0.845 0.521484375 0.0175 0.17578125
1 0.860625 0.4296875 0.01375 0.109375
1 0.80875 0.458984375 0.0175 0.27734375
1 0.8775 0.216796875 0.015 0.16796875
1 0.2825 0.259765625 0.0125 0.25390625
1 0.1715625 0.169921875 0.015625 0.32421875
1 0.7253125 0.125 0.018125 0.2421875
