1 0.8215625 0.935546875 0.014375 0.12890625
1 0.2703125 0.876953125 0.024375 0.16796875
1 0.0328125 0.74609375 0.009375 0.1015625
1 0.22625 0.6953125 0.01875 0.1171875
1 0.22875 0.55078125 0.01625 0.078125
1 0.2665625 0.556640625 0.018125 0.14453125
1 0.7009375 0.5078125 0.023125 0.21875
1 0.2228125 0.40625 0.018125 0.125
1 0.105625 0.384765625 0.01125 0.11328125
1 0.2546875 0.384765625 0.018125 0.13671875
1 0.12875 0.43359375 0.01375 0.2421875
1 0.6878125 0.31640625 0.009375 0.1171875
1 0.2184375 0.2421875 0.013125 0.140625
1 0.8384375 0.169921875 0.010625 0.12109375
1 0.2346875 0.19921875 0.011875 0.1796875
1 0.8475 0.076171875 0.0125 0.12109375
