1 0.3259375 0.9296875 0.023125 0.140625
1 0.2546875 0.8828125 0.044375 0.234375
1 0.35 0.794921875 0.01625 0.16015625
1 0.3159375 0.7421875 0.013125 0.1328125
1 0.1975 0.685546875 0.01375 0.13671875
1 0.2046875 0.5078125 0.019375 0.1953125
1 0.2278125 0.486328125 0.030625 0.30078125
1 0.336875 0.34375 0.0125 0.109375
1 0.25625 0.2890625 0.01875 0.09375
1 0.3146875 0.212890625 0.015625 0.11328125
1 0.15875 0.271484375 0.0175 0.28515625
1 0.146875 0.0546875 0.01125 0.09375
1 0.0728125 0.0703125 0.016875 0.1328125
