4 0.649375 0.8984375 0.01375 0.203125
4 0.9184375 0.87890625 0.008125 0.2421875
4 0.6909375 0.271484375 0.009375 0.23046875
4 0.773125 0.361328125 0.01375 0.70703125
4 0.8925 0.25 0.01625 0.4921875
4 0.8228125 0.28125 0.016875 0.5546875
4 0.76 0.349609375 0.0125 0.69140625
4 0.7015625 0.220703125 0.010625 0.43359375
4 0.919375 0.001953125 0.0075 0.00390625
4 0.6484375 0.001953125 0.010625 0.00390625
4 0.0253125 0.5 0.014375 1.0
0 0.825625 0.875 0.015 0.171875
0 0.7478125 0.828125 0.134375 0.34375
0 0.8546875 0.58984375 0.125625 0.34375
0 0.794375 0.001953125 0.0425 0.00390625
0 0.71375 0.001953125 0.06125 0.00390625
