4 0.0271875 0.646484375 0.023125 0.19921875
4 0.105625 0.640625 0.0375 0.1953125
4 0.344375 0.603515625 0.0175 0.17578125
4 0.3084375 0.625 0.036875 0.25
4 0.465625 0.6015625 0.0275 0.2109375
4 0.57875 0.59375 0.01625 0.21875
4 0.6303125 0.576171875 0.019375 0.19140625
4 0.4025 0.62109375 0.025 0.28125
4 0.554375 0.57421875 0.01875 0.203125
4 0.761875 0.576171875 0.0225 0.22265625
4 0.7078125 0.572265625 0.029375 0.23046875
4 0.8690625 0.56640625 0.023125 0.234375
4 0.8296875 0.564453125 0.026875 0.23046875
4 0.2065625 0.587890625 0.065625 0.27734375
4 0.981875 0.54296875 0.0275 0.2265625
4 0.9346875 0.52734375 0.031875 0.2265625
