1 0.4409375 0.931640625 0.014375 0.13671875
1 0.2371875 0.904296875 0.009375 0.09765625
1 0.273125 0.896484375 0.01125 0.13671875
1 0.4096875 0.7109375 0.010625 0.109375
1 0.3603125 0.703125 0.011875 0.125
1 0.2403125 0.55078125 0.010625 0.2890625
1 0.3328125 0.4375 0.020625 0.171875
1 0.120625 0.330078125 0.015 0.12890625
1 0.178125 0.322265625 0.0125 0.12890625
1 0.25 0.2578125 0.01875 0.1796875
1 0.3578125 0.228515625 0.011875 0.19140625
1 0.5890625 0.1953125 0.011875 0.15625
1 0.12625 0.078125 0.02125 0.1484375
