0 0.6618141097424413 0.9285002491280518 0.1948488241881299 0.05829596412556054
0 0.2147256438969765 0.9053313403089188 0.020716685330347144 0.02092675635276532
0 0.23544232922732364 0.8911310413552566 0.024076147816349383 0.02042850024912805
0 0.2656774916013438 0.869706028898854 0.02631578947368421 0.028400597907324365
0 0.646976483762598 0.8712007972097658 0.16405375139977604 0.05530642750373692
0 0.6058230683090705 0.8016940707523668 0.14109742441209405 0.04783258594917788
0 0.05711086226203808 0.7017937219730942 0.03135498320268757 0.024414549078226207
0 0.0797872340425532 0.6634280019930244 0.03527435610302351 0.029397110114598904
0 0.11534154535274356 0.6148480318883907 0.03583426651735722 0.0229197807673144
0 0.4608062709966405 0.4850523168908819 0.3986562150055991 0.2795216741405082
0 0.5823068309070548 0.35151968111609366 0.10414333706606943 0.0752366716492277
0 0.503919372900336 0.4182859990034878 0.3258678611422172 0.22172396611858494
0 0.9720044792833147 0.3398106626806178 0.055991041433370664 0.14050822122571002
0 0.8359462486002239 0.1081215744892875 0.051511758118701005 0.04384653712007972
0 0.1612541993281075 0.05630293971101146 0.05039193729003359 0.04783258594917788
