1 0.6028125 0.958984375 0.018125 0.08203125
1 0.40125 0.705078125 0.015 0.17578125
1 0.6078125 0.634765625 0.015625 0.17578125
1 0.5203125 0.6015625 0.018125 0.1640625
1 0.1340625 0.650390625 0.025625 0.31640625
1 0.9453125 0.505859375 0.014375 0.12109375
1 0.3896875 0.4375 0.013125 0.1484375
1 0.4115625 0.38671875 0.015625 0.1484375
1 0.3503125 0.390625 0.014375 0.203125
1 0.1571875 0.29296875 0.014375 0.140625
1 0.110625 0.16796875 0.01125 0.125
1 0.0940625 0.11328125 0.013125 0.078125
1 0.31125 0.115234375 0.01875 0.20703125
