4 0.4953125 0.96875 0.036875 0.0625
4 0.319375 0.947265625 0.05 0.10546875
4 0.431875 0.912109375 0.06375 0.17578125
4 0.6646875 0.8984375 0.046875 0.1796875
4 0.599375 0.896484375 0.03 0.20703125
4 0.3165625 0.806640625 0.056875 0.13671875
4 0.4175 0.75 0.03625 0.1328125
4 0.860625 0.81640625 0.12125 0.3671875
4 0.3246875 0.650390625 0.034375 0.11328125
4 0.3103125 0.345703125 0.025625 0.14453125
4 0.3184375 0.169921875 0.019375 0.12109375
4 0.396875 0.0703125 0.0275 0.109375
4 0.6440625 0.06640625 0.033125 0.125
4 0.856875 0.080078125 0.04125 0.16015625
4 0.455 0.13671875 0.08625 0.2734375
