0 0.8023572076155938 0.8446531791907514 0.07071622846781506 0.07658959537572255
0 0.33363553943789664 0.5260115606936416 0.050770625566636446 0.08092485549132948
0 0.45376246600181325 0.4949421965317919 0.04986400725294651 0.05346820809248555
0 0.271985494106981 0.42196531791907516 0.04895738893925657 0.07803468208092486
0 0.37216681776971894 0.4031791907514451 0.0371713508612874 0.07514450867052024
0 0.4242973708068903 0.3663294797687861 0.03626473254759746 0.06791907514450866
0 0.3100634632819583 0.31141618497109824 0.043517679057116954 0.059248554913294796
0 0.21350861287398004 0.3020231213872832 0.038984587488667274 0.057803468208092484
0 0.4524025385312783 0.2550578034682081 0.04170444242973708 0.08236994219653179
0 0.37941976427923846 0.21026011560693642 0.057116953762466005 0.07947976878612717
0 0.28603807796917496 0.12861271676300579 0.04261106074342702 0.06936416184971098
