4 0.4234375 0.986328125 0.000625 0.00390625
4 0.4334375 0.87890625 0.009375 0.234375
4 0.223125 0.77734375 0.00375 0.4375
4 0.218125 0.75 0.005 0.4921875
4 0.0728125 0.66796875 0.005625 0.40625
4 0.32375 0.630859375 0.005 0.34765625
4 0.3128125 0.724609375 0.005625 0.55078125
4 0.2325 0.693359375 0.00375 0.58984375
4 0.1734375 0.66796875 0.004375 0.59375
4 0.086875 0.41015625 0.00375 0.328125
4 0.4896875 0.529296875 0.005625 0.61328125
4 0.938125 0.583984375 0.00875 0.79296875
4 0.385 0.572265625 0.01375 0.84765625
4 0.081875 0.3671875 0.00375 0.4921875
4 0.9084375 0.27734375 0.009375 0.515625
4 0.69625 0.4921875 0.01125 0.96875
0 0.8909375 0.953125 0.011875 0.0546875
0 0.8915625 0.677734375 0.036875 0.44140625
