4 0.1315625 0.7734375 0.004375 0.4140625
4 0.6753125 0.44140625 0.008125 0.3515625
4 0.7090625 0.283203125 0.003125 0.30859375
4 0.8071875 0.244140625 0.006875 0.42578125
4 0.11125 0.337890625 0.005 0.61328125
4 0.9015625 0.42578125 0.005625 0.8046875
4 0.7721875 0.21484375 0.003125 0.3828125
4 0.6425 0.052734375 0.0025 0.05859375
4 0.766875 0.107421875 0.0025 0.17578125
4 0.2459375 0.3515625 0.016875 0.6640625
4 0.8884375 0.421875 0.013125 0.8125
4 0.1734375 0.263671875 0.004375 0.50390625
0 0.5725 0.322265625 0.09625 0.62890625
0 0.449375 0.501953125 0.14625 0.99609375
