4 0.4496875 0.818359375 0.043125 0.18359375
4 0.7171875 0.802734375 0.024375 0.20703125
4 0.5440625 0.818359375 0.035625 0.23828125
4 0.8503125 0.775390625 0.011875 0.17578125
4 0.764375 0.787109375 0.035 0.20703125
4 0.98375 0.75390625 0.0175 0.171875
4 0.8965625 0.75390625 0.040625 0.1796875
4 0.71875 0.568359375 0.015 0.15234375
4 0.5028125 0.578125 0.013125 0.1875
4 0.84875 0.5390625 0.01875 0.1328125
4 0.5771875 0.583984375 0.018125 0.22265625
4 0.660625 0.5625 0.01375 0.203125
4 0.775 0.546875 0.02625 0.1953125
4 0.9465625 0.5234375 0.029375 0.203125
