1 0.28125 0.88671875 0.0175 0.0859375
1 0.955625 0.873046875 0.01875 0.14453125
1 0.9103125 0.75390625 0.024375 0.109375
1 0.7475 0.697265625 0.02125 0.11328125
1 0.2590625 0.666015625 0.015625 0.14453125
1 0.739375 0.55859375 0.04625 0.171875
1 0.885625 0.55859375 0.02375 0.1796875
1 0.2990625 0.49609375 0.014375 0.0703125
1 0.7928125 0.51953125 0.019375 0.1328125
1 0.9471875 0.484375 0.013125 0.078125
1 0.9215625 0.541015625 0.034375 0.19140625
1 0.32 0.404296875 0.015 0.09765625
1 0.125 0.38671875 0.01125 0.09375
1 0.8684375 0.40625 0.015625 0.140625
1 0.2003125 0.3359375 0.015625 0.1640625
1 0.0853125 0.294921875 0.010625 0.15234375
1 0.961875 0.16796875 0.02375 0.2890625
