1 0.1884375 0.794921875 0.018125 0.15234375
1 0.15875 0.71875 0.015 0.2109375
1 0.1425 0.537109375 0.0225 0.19921875
1 0.2303125 0.4140625 0.010625 0.078125
1 0.216875 0.3984375 0.01375 0.1328125
1 0.19375 0.4140625 0.0225 0.2265625
1 0.1396875 0.197265625 0.014375 0.16015625
4 0.2525 0.962890625 0.0175 0.07421875
4 0.8725 0.935546875 0.02375 0.12890625
4 0.26 0.818359375 0.03625 0.21484375
4 0.25125 0.525390625 0.01375 0.11328125
4 0.2565625 0.33203125 0.018125 0.1640625
4 0.324375 0.302734375 0.01875 0.23046875
4 0.8740625 0.001953125 0.013125 0.00390625
4 0.253125 0.001953125 0.0175 0.00390625
