1 0.125625 0.939453125 0.01375 0.12109375
1 0.3096875 0.896484375 0.014375 0.11328125
1 0.0859375 0.869140625 0.014375 0.11328125
1 0.2890625 0.734375 0.015625 0.140625
1 0.3165625 0.60546875 0.013125 0.140625
1 0.1165625 0.57421875 0.014375 0.1171875
1 0.0909375 0.607421875 0.013125 0.23828125
1 0.2884375 0.4375 0.013125 0.109375
1 0.069375 0.353515625 0.01625 0.12109375
1 0.33875 0.2578125 0.01625 0.1953125
1 0.310625 0.060546875 0.0175 0.11328125
1 0.1275 0.001953125 0.01125 0.00390625
4 0.250625 0.79296875 0.05375 0.4140625
4 0.2575 0.001953125 0.03875 0.00390625
