1 0.3046875 0.931640625 0.020625 0.13671875
1 0.22625 0.89453125 0.01375 0.1328125
1 0.1984375 0.8125 0.020625 0.1953125
1 0.28625 0.71484375 0.015 0.1328125
1 0.2409375 0.724609375 0.016875 0.18359375
1 0.17875 0.64453125 0.0175 0.15625
1 0.1540625 0.51171875 0.015625 0.09375
1 0.934375 0.498046875 0.02 0.14453125
1 0.2603125 0.5 0.013125 0.1875
1 0.741875 0.39453125 0.0175 0.15625
1 0.175 0.36328125 0.0225 0.2109375
1 0.226875 0.2890625 0.0225 0.1640625
1 0.086875 0.1953125 0.02375 0.1484375
1 0.01125 0.0546875 0.01625 0.0859375
