4 0.5953125 0.955078125 0.029375 0.08984375
4 0.90625 0.87890625 0.01 0.2421875
4 0.9484375 0.64453125 0.018125 0.7109375
4 0.2259375 0.14453125 0.009375 0.1484375
4 0.770625 0.28125 0.01 0.4453125
4 0.9528125 0.001953125 0.010625 0.00390625
4 0.906875 0.001953125 0.01 0.00390625
4 0.5946875 0.001953125 0.026875 0.00390625
4 0.1253125 0.5 0.099375 1.0
0 0.740625 0.947265625 0.0475 0.10546875
0 0.6653125 0.77734375 0.059375 0.4453125
0 0.8296875 0.484375 0.120625 0.9609375
0 0.7440625 0.001953125 0.043125 0.00390625
0 0.6734375 0.001953125 0.018125 0.00390625
