4 0.7859375 0.91015625 0.011875 0.046875
4 0.266875 0.71484375 0.01625 0.078125
4 0.278125 0.767578125 0.04875 0.23828125
4 0.8528125 0.6875 0.005625 0.0859375
4 0.1196875 0.638671875 0.011875 0.07421875
4 0.49875 0.431640625 0.005 0.03515625
4 0.1184375 0.498046875 0.029375 0.19140625
4 0.964375 0.416015625 0.06125 0.12890625
4 0.5309375 0.359375 0.019375 0.171875
4 0.10375 0.375 0.045 0.28125
4 0.106875 0.19140625 0.0225 0.1484375
4 0.104375 0.091796875 0.01875 0.12109375
0 0.280625 0.208984375 0.0575 0.39453125
