4 0.9321875 0.85546875 0.025625 0.2890625
4 0.60625 0.8203125 0.03375 0.359375
4 0.5196875 0.802734375 0.026875 0.39453125
4 0.2809375 0.80078125 0.029375 0.3984375
4 0.980625 0.794921875 0.02125 0.41015625
4 0.419375 0.763671875 0.02875 0.47265625
4 0.076875 0.763671875 0.025 0.47265625
4 0.7421875 0.712890625 0.024375 0.57421875
4 0.768125 0.361328125 0.10875 0.15234375
4 0.67625 0.353515625 0.0425 0.29296875
4 0.344375 0.28515625 0.13375 0.28125
4 0.20375 0.322265625 0.15125 0.40234375
4 0.83 0.18359375 0.2575 0.2421875
4 0.030625 0.142578125 0.06125 0.23046875
4 0.6259375 0.10546875 0.048125 0.1875
