4 0.721875 0.79296875 0.00875 0.4140625
4 0.8240625 0.77734375 0.009375 0.4453125
4 0.636875 0.73046875 0.015 0.5390625
4 0.661875 0.728515625 0.01 0.54296875
4 0.3965625 0.560546875 0.014375 0.87890625
4 0.9815625 0.5078125 0.030625 0.984375
4 0.5109375 0.50390625 0.028125 0.9921875
4 0.368125 0.50390625 0.03625 0.9921875
4 0.861875 0.462890625 0.02625 0.91796875
4 0.738125 0.345703125 0.01875 0.68359375
4 0.698125 0.220703125 0.01375 0.43359375
4 0.4621875 0.26171875 0.008125 0.515625
4 0.4328125 0.20703125 0.024375 0.40625
4 0.4096875 0.5 0.014375 1.0
