4 0.316875 0.826171875 0.02 0.34765625
4 0.925 0.81640625 0.01375 0.3671875
4 0.9721875 0.708984375 0.055625 0.58203125
4 0.9015625 0.65625 0.023125 0.6875
4 0.25 0.58984375 0.025 0.8203125
4 0.2984375 0.587890625 0.024375 0.82421875
4 0.3221875 0.396484375 0.016875 0.44921875
4 0.1665625 0.505859375 0.020625 0.98828125
4 0.06875 0.50390625 0.015 0.9921875
4 0.21 0.373046875 0.02 0.73828125
4 0.1903125 0.19921875 0.010625 0.390625
4 0.9725 0.001953125 0.055 0.00390625
4 0.9228125 0.001953125 0.008125 0.00390625
4 0.9021875 0.001953125 0.023125 0.00390625
4 0.31 0.001953125 0.005 0.00390625
4 0.2928125 0.001953125 0.011875 0.00390625
4 0.1615625 0.001953125 0.009375 0.00390625
4 0.0646875 0.001953125 0.005625 0.00390625
