1 0.3425 0.9375 0.0175 0.125
1 0.279375 0.9375 0.02375 0.125
1 0.12 0.90625 0.015 0.1796875
1 0.070625 0.82421875 0.015 0.1328125
1 0.12875 0.673828125 0.0125 0.12890625
1 0.32625 0.62109375 0.015 0.125
1 0.3434375 0.552734375 0.014375 0.13671875
1 0.66 0.408203125 0.01375 0.14453125
1 0.695 0.470703125 0.03 0.34765625
1 0.3425 0.001953125 0.01625 0.00390625
1 0.2796875 0.001953125 0.023125 0.00390625
4 0.2053125 0.703125 0.019375 0.125
4 0.26625 0.607421875 0.02625 0.24609375
4 0.37125 0.322265625 0.03375 0.14453125
4 0.2321875 0.34375 0.086875 0.3046875
4 0.3915625 0.123046875 0.031875 0.11328125
