4 0.3728125 0.888671875 0.011875 0.22265625
4 0.7021875 0.849609375 0.010625 0.30078125
4 0.3409375 0.791015625 0.011875 0.41796875
4 0.4575 0.6796875 0.0275 0.640625
4 0.2465625 0.2890625 0.016875 0.546875
4 0.7365625 0.50390625 0.011875 0.9921875
4 0.6521875 0.50390625 0.069375 0.9921875
4 0.4909375 0.5 0.016875 0.9921875
4 0.7378125 0.001953125 0.010625 0.00390625
4 0.7034375 0.001953125 0.008125 0.00390625
4 0.6615625 0.001953125 0.051875 0.00390625
4 0.5453125 0.5 0.070625 1.0
4 0.4559375 0.001953125 0.023125 0.00390625
4 0.3734375 0.001953125 0.011875 0.00390625
4 0.3415625 0.001953125 0.010625 0.00390625
