4 0.64875 0.755859375 0.01375 0.48828125
4 0.94875 0.34375 0.01375 0.4921875
4 0.651875 0.001953125 0.00875 0.00390625
0 0.74875 0.876953125 0.01875 0.24609375
0 0.5078125 0.7578125 0.060625 0.484375
0 0.88375 0.755859375 0.075 0.48828125
0 0.9721875 0.72265625 0.055625 0.5546875
0 0.36 0.546875 0.10625 0.5859375
0 0.4440625 0.6171875 0.068125 0.7421875
0 0.9884375 0.001953125 0.016875 0.00390625
0 0.96125 0.001953125 0.02375 0.00390625
0 0.885 0.001953125 0.065 0.00390625
0 0.7515625 0.001953125 0.014375 0.00390625
