4 0.4815625 0.76171875 0.019375 0.4765625
4 0.8871875 0.69140625 0.015625 0.6171875
4 0.8353125 0.654296875 0.011875 0.57421875
4 0.3790625 0.666015625 0.014375 0.66796875
4 0.046875 0.66015625 0.00875 0.6796875
4 0.7259375 0.328125 0.011875 0.6328125
4 0.958125 0.50390625 0.055 0.9921875
4 0.544375 0.173828125 0.01 0.33984375
4 0.4515625 0.384765625 0.024375 0.76171875
4 0.959375 0.001953125 0.05375 0.00390625
4 0.884375 0.001953125 0.0075 0.00390625
4 0.7740625 0.5 0.069375 1.0
4 0.4821875 0.001953125 0.019375 0.00390625
4 0.4040625 0.5 0.015625 1.0
4 0.38 0.001953125 0.01375 0.00390625
4 0.10625 0.5 0.0775 1.0
4 0.0475 0.001953125 0.00875 0.00390625
