4 0.26625 0.90234375 0.005 0.1796875
4 0.5759375 0.544921875 0.001875 0.12890625
4 0.1615625 0.693359375 0.005625 0.58984375
4 0.2934375 0.53125 0.008125 0.3984375
4 0.3415625 0.302734375 0.006875 0.04296875
4 0.3171875 0.4296875 0.043125 0.3203125
4 0.85125 0.3046875 0.00375 0.1171875
4 0.356875 0.4921875 0.02125 0.5078125
4 0.8253125 0.345703125 0.016875 0.26953125
4 0.3078125 0.2578125 0.003125 0.09375
4 0.7865625 0.37109375 0.004375 0.3671875
4 0.30875 0.134765625 0.005 0.25390625
0 0.68 0.68359375 0.13 0.6171875
0 0.665625 0.203125 0.06375 0.296875
