4 0.2721875 0.4921875 0.000625 0.0390625
4 0.86875 0.294921875 0.00375 0.05078125
4 0.4709375 0.564453125 0.006875 0.73046875
4 0.8678125 0.162109375 0.005625 0.16796875
4 0.785625 0.5078125 0.0175 0.953125
4 0.43125 0.212890625 0.005 0.36328125
4 0.753125 0.505859375 0.0075 0.95703125
4 0.740625 0.443359375 0.00875 0.83203125
4 0.7265625 0.171875 0.005625 0.296875
4 0.7178125 0.169921875 0.005625 0.29296875
4 0.2690625 0.21484375 0.004375 0.40625
0 0.438125 0.986328125 0.00125 0.00390625
0 0.4396875 0.865234375 0.055625 0.24609375
