4 0.880625 0.798828125 0.03375 0.40234375
4 0.5990625 0.61328125 0.093125 0.1484375
4 0.5175 0.470703125 0.0675 0.16015625
4 0.3075 0.439453125 0.02 0.15234375
4 0.3734375 0.40625 0.050625 0.1796875
4 0.2440625 0.189453125 0.068125 0.12109375
4 0.0240625 0.1015625 0.048125 0.09375
4 0.1528125 0.07421875 0.036875 0.0703125
4 0.1159375 0.0859375 0.030625 0.09375
4 0.088125 0.041015625 0.0275 0.06640625
4 0.4278125 0.037109375 0.036875 0.06640625
4 0.3096875 0.052734375 0.074375 0.09765625
4 0.1846875 0.0546875 0.026875 0.1015625
