0 0.48930180180180183 0.9238049406480591 0.543918918918919 0.1177414180301572
0 0.45045045045045046 0.5202117420596728 0.09234234234234234 0.02855309592556946
0 0.6430180180180181 0.3618864292589028 0.0990990990990991 0.04170676932948348
0 0.5602477477477478 0.35595123516201477 0.18355855855855857 0.09207571382739814
0 0.32263513513513514 0.3182547321142124 0.13851351351351351 0.0410651267244145
0 0.5923423423423423 0.30365736284889316 0.21396396396396397 0.06769329483477703
0 0.6942567567567568 0.3115174847609881 0.24436936936936937 0.09817131857555342
0 0.3795045045045045 0.1663458453641322 0.07882882882882883 0.02406159769008662
0 0.847972972972973 0.21815848572345203 0.21621621621621623 0.1341033044594161
0 0.6261261261261262 0.11822264998395894 0.22747747747747749 0.029194738530638434
0 0.42286036036036034 0.05453962143086301 0.13626126126126126 0.04042348411934552
