4 0.536875 0.55859375 0.03875 0.21875
4 0.80375 0.55078125 0.02625 0.21875
4 0.5165625 0.3359375 0.011875 0.140625
4 0.8565625 0.439453125 0.013125 0.36328125
4 0.128125 0.4765625 0.0175 0.4375
4 0.758125 0.341796875 0.0175 0.18359375
4 0.0084375 0.4609375 0.016875 0.421875
4 0.233125 0.345703125 0.0275 0.19921875
4 0.910625 0.45703125 0.03125 0.4296875
4 0.0653125 0.462890625 0.076875 0.44921875
4 0.626875 0.462890625 0.02625 0.46484375
4 0.8259375 0.3203125 0.026875 0.21875
4 0.7025 0.443359375 0.0375 0.47265625
4 0.4859375 0.443359375 0.040625 0.47265625
4 0.2665625 0.44140625 0.029375 0.4765625
4 0.405625 0.443359375 0.0575 0.52734375
4 0.179375 0.234375 0.03 0.4609375
