4 0.4853125 0.888671875 0.021875 0.15234375
4 0.5275 0.8515625 0.015 0.1015625
4 0.430625 0.875 0.03625 0.171875
4 0.4296875 0.67578125 0.018125 0.171875
4 0.7621875 0.4375 0.039375 0.3125
4 0.731875 0.35546875 0.01875 0.28125
4 0.6375 0.458984375 0.04875 0.49609375
4 0.2696875 0.34375 0.013125 0.2734375
4 0.083125 0.34765625 0.01625 0.3828125
4 0.0628125 0.41796875 0.014375 0.53125
4 0.9575 0.359375 0.0825 0.5703125
4 0.9028125 0.09765625 0.056875 0.1875
4 0.83125 0.33984375 0.10875 0.671875
4 0.52875 0.287109375 0.1 0.56640625
4 0.4228125 0.28125 0.109375 0.5546875
4 0.314375 0.501953125 0.0675 0.99609375
4 0.0275 0.275390625 0.055 0.54296875
