1 0.4115625 0.943359375 0.025625 0.11328125
1 0.2571875 0.685546875 0.013125 0.10546875
1 0.3803125 0.4453125 0.029375 0.234375
1 0.2925 0.43359375 0.015 0.2109375
1 0.31 0.39453125 0.0175 0.1953125
1 0.3728125 0.193359375 0.016875 0.19921875
1 0.3196875 0.07421875 0.019375 0.140625
1 0.41625 0.001953125 0.0175 0.00390625
4 0.0125 0.646484375 0.025 0.19140625
4 0.0121875 0.41015625 0.024375 0.296875
4 0.524375 0.19921875 0.01375 0.0625
4 0.6653125 0.126953125 0.039375 0.24609375
4 0.5259375 0.04296875 0.015625 0.078125
4 0.01125 0.126953125 0.0225 0.24609375
