4 0.5184375 0.765625 0.009375 0.0625
4 0.5115625 0.771484375 0.003125 0.07421875
4 0.4921875 0.775390625 0.003125 0.08203125
4 0.4565625 0.7734375 0.044375 0.109375
4 0.6484375 0.740234375 0.009375 0.06640625
4 0.6653125 0.736328125 0.006875 0.07421875
4 0.629375 0.734375 0.0075 0.078125
4 0.59375 0.73046875 0.0125 0.0859375
4 0.580625 0.712890625 0.0075 0.07421875
4 0.0859375 0.76171875 0.003125 0.21875
4 0.5609375 0.6953125 0.009375 0.1015625
4 0.5403125 0.681640625 0.008125 0.08203125
4 0.5140625 0.66015625 0.008125 0.0703125
4 0.49125 0.654296875 0.01 0.10546875
4 0.0640625 0.78515625 0.039375 0.4296875
4 0.623125 0.197265625 0.00875 0.07421875
4 0.6284375 0.14453125 0.009375 0.0546875
4 0.0415625 0.13671875 0.014375 0.2265625
4 0.2384375 0.501953125 0.035625 0.98828125
4 0.0821875 0.001953125 0.000625 0.00390625
0 0.8159375 0.66015625 0.124375 0.6796875
